// ~->[DNET-1]->~

// File created by ShuteV_6 at FloridaStateU using Netica 5.24 on Aug 27, 2018 at 18:49:20 UTC.

bnet PP_OrangeNodes_6 {
AutoCompile = TRUE;
autoupdate = TRUE;
whenchanged = 1535392644;

visual V1 {
	defdispform = BELIEFBARS;
	nodelabeling = TITLE;
	NodeMaxNumEntries = 50;
	nodefont = font {shape= "Arial"; size= 9;};
	linkfont = font {shape= "Arial"; size= 9;};
	windowposn = (451, 0, 902, 545);
	resolution = 72;
	drawingbounds = (1515, 782);
	showpagebreaks = FALSE;
	usegrid = TRUE;
	gridspace = (6, 6);
	NodeSet Node {BuiltIn = 1; Color = 0x00e1e1e1;};
	NodeSet Nature {BuiltIn = 1; Color = 0x00f8eed2;};
	NodeSet Deterministic {BuiltIn = 1; Color = 0x00d3caa6;};
	NodeSet Finding {BuiltIn = 1; Color = 0x00c8c8c8;};
	NodeSet Constant {BuiltIn = 1; Color = 0x00ffffff;};
	NodeSet ConstantValue {BuiltIn = 1; Color = 0x00ffffb4;};
	NodeSet Utility {BuiltIn = 1; Color = 0x00ffbdbd;};
	NodeSet Decision {BuiltIn = 1; Color = 0x00dee8ff;};
	NodeSet Documentation {BuiltIn = 1; Color = 0x00f0fafa;};
	NodeSet Title {BuiltIn = 1; Color = 0x00ffffff;};
	NodeSet HighLevel {Color = 0x00ff8080;};
	NodeSet Proficiency {Disabled = 1; Color = 0x00c8c8c8;};
	NodeSet LowLevel {Color = 0x00ff8000;};
	NodeSet pnode {Disabled = 1; Color = 0x00c8c8c8;};
	NodeSet pnodes {Disabled = 1; Color = 0x00c8c8c8;};
	NodeSet Proficiencies {Disabled = 1; Color = 0x00c8c8c8;};
	NodeSet Observable {Disabled = 1; Color = 0x00c8c8c8;};
	PrinterSetting A {
		margins = (1270, 1270, 1270, 1270);
		};
	};
user U1 {
	priorWeight = "10";
	};

node Physics {
	kind = NATURE;
	discrete = TRUE;
	chance = CHANCE;
	states = (High, Medium, Low);
	levels = (0.967421566101701, 0, -0.967421566101701);
	parents = ();
	probs = 
		// High         Medium       Low          
		  (0.7432798,   1.809525e-4, 0.2565393);
	title = "Physics Understanding";
	whenchanged = 1522899518;
	belief = (0.7223536, 2.349156e-4, 0.2774115);
	user U1 {
		Q = "TRUE";
		rules = "\"Compensatory\"";
		link = "\"normalLink\"";
		linkScale = "1";
		lnAlphas = "1";
		betas = "0";
		};
	visual V1 {
		center = (81, 216);
		height = 1;
		};
	};

node ForceAndMotion {
	kind = NATURE;
	discrete = TRUE;
	chance = CHANCE;
	states = (High, Medium, Low);
	levels = (0.967421566101701, 0, -0.967421566101701);
	parents = (Physics);
	probs = 
		// High         Medium       Low           // Physics 
		  (0.2457215,   0.6271945,   0.1270841,    // High    
		   0.03595005,  0.1875732,   0.7764767,    // Medium  
		   0.3349076,   0.468454,    0.1966385);   // Low     ;
	title = "Force and Motion";
	comment = "Newton's laws of motion";
	whenchanged = 1522899518;
	belief = (0.2822521, 0.5453422, 0.1724057);
	user U1 {
		Q = "TRUE";
		rules = "\"Compensatory\"";
		link = "\"normalLink\"";
		linkScale = "0.447213595499958";
		lnAlphas = "structure(-0.111571775657105, .Names = \"Physics\")";
		betas = "-0.5";
		};
	visual V1 {
		center = (258, 114);
		height = 3;
		link 1 {
			path = ((155, 173), (183, 158));
			};
		};
	};

node Torque {
	kind = NATURE;
	discrete = TRUE;
	chance = CHANCE;
	states = (High, Medium, Low);
	levels = (0.967421566101701, 0, -0.967421566101701);
	parents = (Physics, ForceAndMotion);
	probs = 
		// High         Medium       Low           // Physics ForceAndMotion 
		  (0.1922242,   0.4813796,   0.3263961,    // High    High           
		   0.5192088,   0.4472906,   0.03350061,   // High    Medium         
		   0.4233558,   0.286956,    0.2896881,    // High    Low            
		   0.3318582,   0.2352337,   0.432908,     // Medium  High           
		   0.2760511,   0.6642585,   0.05969041,   // Medium  Medium         
		   7.440855e-4, 0.2418334,   0.7574225,    // Medium  Low            
		   0.1128592,   0.351084,    0.5360568,    // Low     High           
		   0.468635,    0.3166896,   0.2146754,    // Low     Medium         
		   0.3620548,   0.4457254,   0.1922198);   // Low     Low            ;
	title = "Torque";
	comment = "Properties of torque\nStatic equilibrium";
	whenchanged = 1522899518;
	belief = (0.3708512, 0.365486, 0.2636628);
	user U1 {
		Q = "TRUE";
		rules = "\"Compensatory\"";
		link = "\"normalLink\"";
		linkScale = "0.447213595499958";
		lnAlphas = "structure(c(-0.111571775657105, -0.111571775657105), .Names = c(\"Physics\",  \
			\"ForceAndMotion\"))";
		betas = "0.5";
		};
	visual V1 {
		center = (180, 402);
		height = 4;
		link 1 {
			path = ((104, 260), (157, 359));
			};
		};
	};

node NFL {
	kind = NATURE;
	discrete = TRUE;
	chance = CHANCE;
	states = (High, Medium, Low);
	levels = (0.967421566101701, 0, -0.967421566101701);
	parents = (ForceAndMotion);
	probs = 
		// High         Medium       Low           // ForceAndMotion 
		  (0.445247,    0.2907687,   0.2639842,    // High           
		   0.4021061,   0.2622793,   0.3356145,    // Medium         
		   0.3324676,   0.1236075,   0.5439249);   // Low            ;
	title = "Newton's First Law";
	comment = "\FF\FES\00t\00a\00t\00i\00c\00 \00e\00q\00u\00i\00l\00i\00b\00r\00i\00u\00m\00 \00(\00i\00.\00e\
		\00.\00,\00 \00a\00=\000\00 \00a\00n\00d\00 \00v\00=\000\00)\00\n\00D\00y\00n\00a\00m\00i\00c\00 \
		\00e\00q\00u\00i\00l\00i\00b\00r\00i\00u\00m\00 \00(\00i\00.\00e\00.\00,\00 \00a\00=\000\00 \00a\
		\00n\00d\00 \00v\00\B9\000\00)\00";
	whenchanged = 1522899518;
	belief = (0.3151355, 0.1650862, 0.5197783);
	user U1 {
		Q = "TRUE";
		rules = "\"Compensatory\"";
		link = "\"normalLink\"";
		linkScale = "0.447213595499958";
		lnAlphas = "structure(-0.111571775657105, .Names = \"ForceAndMotion\")";
		betas = "-0.3";
		};
	visual V1 {
		center = (462, 72);
		height = 2;
		link 1 {
			path = ((339, 97), (381, 88));
			};
		};
	};

node StaticEquilibrium {
	kind = NATURE;
	discrete = TRUE;
	chance = CHANCE;
	states = (High, Medium, Low);
	levels = (0.967421566101701, 0, -0.967421566101701);
	parents = (Torque);
	probs = 
		// High         Medium       Low           // Torque 
		  (0.624447,    0.2636584,   0.1118946,    // High   
		   0.2167257,   0.7397602,   0.0435141,    // Medium 
		   0.3016193,   0.01961291,  0.6787678);   // Low    ;
	title = "Static Equilibrium";
	whenchanged = 1522899518;
	belief = (0.3124426, 0.3599178, 0.3276397);
	user U1 {
		Q = "TRUE";
		rules = "\"Compensatory\"";
		link = "\"normalLink\"";
		linkScale = "0.447213595499958";
		lnAlphas = "structure(-0.111571775657105, .Names = \"Torque\")";
		betas = "-0.1";
		};
	visual V1 {
		center = (492, 384);
		height = 9;
		};
	};

node Slider {
	kind = NATURE;
	discrete = TRUE;
	chance = CHANCE;
	states = (Mass, Gravity, AirResistence);
	parents = (StaticEquilibrium, NFL);
	probs = 
		// Mass         Gravity      AirResistence  // StaticEquilibrium NFL    
		  (0.3563367,   0.1454283,   0.4982349,    // High              High   
		   0.1457652,   0.8496896,   0.004545148,  // High              Medium 
		   0.2751333,   0.3507746,   0.3740921,    // High              Low    
		   0.2467055,   0.4602273,   0.2930672,    // Medium            High   
		   0.2733611,   0.3256782,   0.4009608,    // Medium            Medium 
		   0.1087962,   0.1132459,   0.7779579,    // Medium            Low    
		   0.1161608,   0.6249188,   0.2589205,    // Low               High   
		   0.3976753,   0.3591523,   0.2431725,    // Low               Medium 
		   0.2601488,   0.03603731,  0.7038139);   // Low               Low    ;
	title = "Slider";
	whenchanged = 1535392638;
	evidence = Mass;
	belief = (1, 0, 0);
	visual V1 {
		center = (918, 78);
		height = 8;
		};
	};

node SliderAdjust {
	kind = NATURE;
	discrete = TRUE;
	chance = CHANCE;
	states = (Zero, One, Two, MorethanTwo);
	parents = (StaticEquilibrium, NFL);
	probs = 
		// Zero         One          Two          MorethanTwo   // StaticEquilibrium NFL    
		  (0.03891854,  0.2319083,   0.1467906,   0.5823826,    // High              High   
		   0.5384957,   0.2429361,   0.1078352,   0.110733,     // High              Medium 
		   0.370994,    0.3111217,   0.0556588,   0.2622255,    // High              Low    
		   0.2792676,   0.3589619,   0.1454846,   0.2162859,    // Medium            High   
		   0.4392665,   0.412594,    0.0575834,   0.09055619,   // Medium            Medium 
		   0.09907304,  0.1135407,   0.07735275,  0.7100335,    // Medium            Low    
		   0.3060653,   0.1899,      0.03582224,  0.4682125,    // Low               High   
		   0.1943188,   0.02338113,  0.06638115,  0.7159189,    // Low               Medium 
		   0.005541341, 0.2477834,   0.4230133,   0.3236619);   // Low               Low    ;
	title = "Number of Slider Adjustment";
	whenchanged = 1535392165;
	evidence = MorethanTwo;
	belief = (0, 0, 0, 1);
	visual V1 {
		center = (900, 186);
		height = 7;
		link 2 {
			path = ((543, 93), (804, 161));
			};
		};
	};

node PufferClicks {
	kind = NATURE;
	discrete = TRUE;
	chance = CHANCE;
	states = (Zero, One, Two, MorethanTwo);
	parents = (StaticEquilibrium, NFL);
	probs = 
		// Zero         One          Two          MorethanTwo   // StaticEquilibrium NFL    
		  (0.2861772,   0.6051052,   0.04730373,  0.06141387,   // High              High   
		   0.1172247,   0.1570304,   0.379887,    0.345858,     // High              Medium 
		   0.2613459,   0.2478825,   0.0937995,   0.3969722,    // High              Low    
		   0.1410579,   0.2096753,   0.2083431,   0.4409237,    // Medium            High   
		   0.2739378,   0.4623913,   0.1974896,   0.06618129,   // Medium            Medium 
		   0.009240005, 0.2368879,   0.2319123,   0.5219598,    // Medium            Low    
		   0.03521938,  0.1373925,   0.3695614,   0.4578267,    // Low               High   
		   0.1458579,   0.1311038,   0.441664,    0.2813744,    // Low               Medium 
		   0.4636208,   0.09055424,  0.1486841,   0.2971408);   // Low               Low    ;
	title = "Number of Puffer Clicks";
	whenchanged = 1535392168;
	evidence = MorethanTwo;
	belief = (0, 0, 0, 1);
	visual V1 {
		center = (960, 324);
		height = 6;
		link 2 {
			path = ((543, 112), (882, 284));
			};
		};
	};

node TrophyLevel {
	kind = NATURE;
	discrete = TRUE;
	chance = CHANCE;
	states = (Gold, Silver, None);
	parents = (StaticEquilibrium, NFL);
	probs = 
		// Gold         Silver       None          // StaticEquilibrium NFL    
		  (0.08711491,  0.4241258,   0.4887594,    // High              High   
		   0.1791996,   0.3492596,   0.4715408,    // High              Medium 
		   0.5082408,   0.06610202,  0.4256572,    // High              Low    
		   0.154262,    0.4814484,   0.3642896,    // Medium            High   
		   0.58214,     0.2017601,   0.2161,       // Medium            Medium 
		   0.3027659,   0.366297,    0.3309371,    // Medium            Low    
		   0.5074072,   0.2109372,   0.2816556,    // Low               High   
		   0.3699562,   0.2952656,   0.3347781,    // Low               Medium 
		   0.1295547,   0.06988505,  0.8005603);   // Low               Low    ;
	title = "Level solving status";
	whenchanged = 1535392644;
	evidence = None;
	belief = (0, 0, 1);
	visual V1 {
		center = (972, 480);
		height = 5;
		};
	};
NodeSet HighLevel {Nodes = (Torque, ForceAndMotion);};
NodeSet Proficiency {Nodes = (Torque, ForceAndMotion, Physics, StaticEquilibrium, NFL);};
NodeSet LowLevel {Nodes = (StaticEquilibrium, NFL);};
NodeSet pnode {Nodes = (Physics);};
NodeSet pnodes {Nodes = (Torque, ForceAndMotion, Physics, StaticEquilibrium, NFL);};
NodeSet Proficiencies {Nodes = (Torque, ForceAndMotion, StaticEquilibrium, NFL);};
NodeSet Observable {Nodes = (Slider, SliderAdjust, PufferClicks, TrophyLevel);};
ElimOrder = (Physics, Slider, TrophyLevel, SliderAdjust, PufferClicks, ForceAndMotion, Torque, NFL, StaticEquilibrium);
};
