// ~->[DNET-1]->~

// File created by AlmondR_2 at FLStateU using Netica 5.10 on Jan 17, 2020 at 17:42:26.

bnet Bowtie {
autoupdate = FALSE;
title = "Bowtie";
whenchanged = 1579300946;
user U1 {
	Truename = "Bowtie";
	Hub = "PP_OrangeNodes_6";
	Pathname = "Bowtie.dne";
	};

param X_StaticEquilibrium_5 {
	kind = DISCONNECTED;
	discrete = TRUE;
	states = (High, Medium, Low);
	levels = (0.9674215661, 0, -0.9674215661);
	title = "StaticEquilibrium";
	whenchanged = 1579300547;
	};

param X_NFL_5 {
	kind = DISCONNECTED;
	discrete = TRUE;
	states = (High, Medium, Low);
	levels = (0.9674215661, 0, -0.9674215661);
	title = "NFL";
	whenchanged = 1579300547;
	};

node Duration {
	kind = NATURE;
	discrete = FALSE;
	chance = CHANCE;
	states = (Q1, Q2, Q3, Q4);
	levels = (0, 11.31, 13.666, 16.407, INFINITY);
	inputs = (NFL, StaticEquilibrium);
	parents = (X_NFL_5, X_StaticEquilibrium_5);
	probs = 
		// Q1           Q2           Q3           Q4            // NFL    StaticEquilibrium 
		  (0.8449267,   0.1314437,   0.02044845,  0.003181128,  // High   High              
		   0.5530939,   0.2627648,   0.1248347,   0.05930669,   // High   Medium            
		   0.1314133,   0.1906581,   0.2766121,   0.4013165,    // High   Low               
		   0.6803671,   0.22279,     0.07295383,  0.02388914,   // Medium High              
		   0.25,        0.25,        0.25,        0.25,         // Medium Medium            
		   0.02388914,  0.07295383,  0.22279,     0.6803671,    // Medium Low               
		   0.4013165,   0.2766121,   0.1906581,   0.1314133,    // Low    High              
		   0.05930669,  0.1248347,   0.2627648,   0.5530939,    // Low    Medium            
		   0.003181128, 0.02044845,  0.1314437,   0.8449267);   // Low    Low               ;
	numcases = 10;
	title = "Duration to solve level";
	whenchanged = 1579300547;
	user U1 {
		Truename = "Duration";
		link = "\"partialCredit\"";
		rules = "\"Compensatory\"";
		Q = "structure(c(TRUE, TRUE, TRUE, TRUE, TRUE, TRUE), .Dim = 3:2, .Dimnames = list(     c(\"86\", \
			\"87\", \"88\"), c(\"NFL\", \"StaticEquilibrium\")))";
		lnAlphas = "list(c(NFL = -0.446287102628419, StaticEquilibrium = -0.0408219945202552 ), c(NFL = \
			-0.446287102628419, StaticEquilibrium = -0.0408219945202552 ), c(NFL = -0.446287102628419, \
			StaticEquilibrium = -0.0408219945202552 ))";
		betas = "list(0L, 0L, 0L)";
		priorWeight = "10";
		};
	};

param X_StaticEquilibrium_4 {
	kind = DISCONNECTED;
	discrete = TRUE;
	states = (High, Medium, Low);
	levels = (0.9674215661, 0, -0.9674215661);
	title = "StaticEquilibrium";
	whenchanged = 1579300546;
	};

param X_NFL_4 {
	kind = DISCONNECTED;
	discrete = TRUE;
	states = (High, Medium, Low);
	levels = (0.9674215661, 0, -0.9674215661);
	title = "NFL";
	whenchanged = 1579300546;
	};

node AppropriateSlider {
	kind = NATURE;
	discrete = TRUE;
	chance = CHANCE;
	states = (almostAlways, mostly, mostlyNot, almostNever);
	statetitles = ("almost always", "mostly", "mostlyNot", "almost never");
	StateComments = ("#Irrelvant < 2", "#Irrelvant < #Relevant", "#relevant <= #Irrevalnt", "#relevant < 2");
	inputs = (NFL, StaticEquilibrium);
	parents = (X_NFL_4, X_StaticEquilibrium_4);
	probs = 
		// almost always mostly      mostlyNot    almost never  // NFL    StaticEquilibrium 
		  (0.8449267,   0.1314437,   0.02044845,  0.003181128,  // High   High              
		   0.5530939,   0.2627648,   0.1248347,   0.05930669,   // High   Medium            
		   0.1314133,   0.1906581,   0.2766121,   0.4013165,    // High   Low               
		   0.6803671,   0.22279,     0.07295383,  0.02388914,   // Medium High              
		   0.25,        0.25,        0.25,        0.25,         // Medium Medium            
		   0.02388914,  0.07295383,  0.22279,     0.6803671,    // Medium Low               
		   0.4013165,   0.2766121,   0.1906581,   0.1314133,    // Low    High              
		   0.05930669,  0.1248347,   0.2627648,   0.5530939,    // Low    Medium            
		   0.003181128, 0.02044845,  0.1314437,   0.8449267);   // Low    Low               ;
	numcases = 10;
	title = "Slider";
	whenchanged = 1579300546;
	user U1 {
		Truename = "AppropriateSlider";
		link = "\"partialCredit\"";
		rules = "\"Compensatory\"";
		Q = "structure(c(TRUE, TRUE, TRUE, TRUE, TRUE, TRUE), .Dim = 3:2, .Dimnames = list(     c(\"83\", \
			\"84\", \"85\"), c(\"NFL\", \"StaticEquilibrium\")))";
		lnAlphas = "list(c(NFL = -0.446287102628419, StaticEquilibrium = -0.0408219945202552 ), c(NFL = \
			-0.446287102628419, StaticEquilibrium = -0.0408219945202552 ), c(NFL = -0.446287102628419, \
			StaticEquilibrium = -0.0408219945202552 ))";
		betas = "list(0L, 0L, 0L)";
		priorWeight = "10";
		};
	};

param X_StaticEquilibrium_3 {
	kind = DISCONNECTED;
	discrete = TRUE;
	states = (High, Medium, Low);
	levels = (0.9674215661, 0, -0.9674215661);
	title = "StaticEquilibrium";
	whenchanged = 1579300545;
	};

param X_NFL_3 {
	kind = DISCONNECTED;
	discrete = TRUE;
	states = (High, Medium, Low);
	levels = (0.9674215661, 0, -0.9674215661);
	title = "NFL";
	whenchanged = 1579300545;
	};

node SliderAdjust {
	kind = NATURE;
	discrete = FALSE;
	chance = CHANCE;
	states = (Zero, One, Two, MorethanTwo);
	levels = (0, 0.1, 1.1, 2.1, INFINITY);
	inputs = (NFL, StaticEquilibrium);
	parents = (X_NFL_3, X_StaticEquilibrium_3);
	probs = 
		// Zero         One          Two          MorethanTwo   // NFL    StaticEquilibrium 
		  (0.8449267,   0.1314437,   0.02044845,  0.003181128,  // High   High              
		   0.5530939,   0.2627648,   0.1248347,   0.05930669,   // High   Medium            
		   0.1314133,   0.1906581,   0.2766121,   0.4013165,    // High   Low               
		   0.6803671,   0.22279,     0.07295383,  0.02388914,   // Medium High              
		   0.25,        0.25,        0.25,        0.25,         // Medium Medium            
		   0.02388914,  0.07295383,  0.22279,     0.6803671,    // Medium Low               
		   0.4013165,   0.2766121,   0.1906581,   0.1314133,    // Low    High              
		   0.05930669,  0.1248347,   0.2627648,   0.5530939,    // Low    Medium            
		   0.003181128, 0.02044845,  0.1314437,   0.8449267);   // Low    Low               ;
	numcases = 10;
	title = "Number of slider adjustment";
	whenchanged = 1579300545;
	user U1 {
		Truename = "SliderAdjust";
		link = "\"partialCredit\"";
		rules = "\"Compensatory\"";
		Q = "structure(c(TRUE, TRUE, TRUE, TRUE, TRUE, TRUE), .Dim = 3:2, .Dimnames = list(     c(\"80\", \
			\"81\", \"82\"), c(\"NFL\", \"StaticEquilibrium\")))";
		lnAlphas = "list(c(NFL = -0.446287102628419, StaticEquilibrium = -0.0408219945202552 ), c(NFL = \
			-0.446287102628419, StaticEquilibrium = -0.0408219945202552 ), c(NFL = -0.446287102628419, \
			StaticEquilibrium = -0.0408219945202552 ))";
		betas = "list(0L, 0L, 0L)";
		priorWeight = "10";
		};
	};

param X_StaticEquilibrium_2 {
	kind = DISCONNECTED;
	discrete = TRUE;
	states = (High, Medium, Low);
	levels = (0.9674215661, 0, -0.9674215661);
	title = "StaticEquilibrium";
	whenchanged = 1579300544;
	};

param X_NFL_2 {
	kind = DISCONNECTED;
	discrete = TRUE;
	states = (High, Medium, Low);
	levels = (0.9674215661, 0, -0.9674215661);
	title = "NFL";
	whenchanged = 1579300544;
	};

node PufferClicks {
	kind = NATURE;
	discrete = FALSE;
	chance = CHANCE;
	states = (Zero, One, Two, MorethanTwo);
	levels = (0, 0.1, 1.1, 2.1, INFINITY);
	inputs = (NFL, StaticEquilibrium);
	parents = (X_NFL_2, X_StaticEquilibrium_2);
	probs = 
		// Zero         One          Two          MorethanTwo   // NFL    StaticEquilibrium 
		  (0.8449267,   0.1314437,   0.02044845,  0.003181128,  // High   High              
		   0.5530939,   0.2627648,   0.1248347,   0.05930669,   // High   Medium            
		   0.1314133,   0.1906581,   0.2766121,   0.4013165,    // High   Low               
		   0.6803671,   0.22279,     0.07295383,  0.02388914,   // Medium High              
		   0.25,        0.25,        0.25,        0.25,         // Medium Medium            
		   0.02388914,  0.07295383,  0.22279,     0.6803671,    // Medium Low               
		   0.4013165,   0.2766121,   0.1906581,   0.1314133,    // Low    High              
		   0.05930669,  0.1248347,   0.2627648,   0.5530939,    // Low    Medium            
		   0.003181128, 0.02044845,  0.1314437,   0.8449267);   // Low    Low               ;
	numcases = 10;
	title = "Number of puffer clicks";
	whenchanged = 1579300544;
	user U1 {
		Truename = "PufferClicks";
		link = "\"partialCredit\"";
		rules = "\"Compensatory\"";
		Q = "structure(c(TRUE, TRUE, TRUE, TRUE, TRUE, TRUE), .Dim = 3:2, .Dimnames = list(     c(\"77\", \
			\"78\", \"79\"), c(\"NFL\", \"StaticEquilibrium\")))";
		lnAlphas = "list(c(NFL = -0.446287102628419, StaticEquilibrium = -0.0408219945202552 ), c(NFL = \
			-0.446287102628419, StaticEquilibrium = -0.0408219945202552 ), c(NFL = -0.446287102628419, \
			StaticEquilibrium = -0.0408219945202552 ))";
		betas = "list(0L, 0L, 0L)";
		priorWeight = "10";
		};
	};

param X_StaticEquilibrium_1 {
	kind = DISCONNECTED;
	discrete = TRUE;
	states = (High, Medium, Low);
	levels = (0.9674215661, 0, -0.9674215661);
	title = "StaticEquilibrium";
	whenchanged = 1579300544;
	};

param X_NFL_1 {
	kind = DISCONNECTED;
	discrete = TRUE;
	states = (High, Medium, Low);
	levels = (0.9674215661, 0, -0.9674215661);
	title = "NFL";
	whenchanged = 1579300544;
	};

node TrophyLevel {
	kind = NATURE;
	discrete = TRUE;
	chance = CHANCE;
	states = (Gold, Silver, None);
	levels = (2, 1, 0);
	inputs = (NFL, StaticEquilibrium);
	parents = (X_NFL_1, X_StaticEquilibrium_1);
	probs = 
		// Gold         Silver       None          // NFL    StaticEquilibrium 
		  (0.8476231,   0.1318632,   0.02051371,   // High   High              
		   0.5879641,   0.2793309,   0.132705,     // High   Medium            
		   0.2195038,   0.3184623,   0.4620339,    // High   Low               
		   0.6970182,   0.2282425,   0.07473928,   // Medium High              
		   0.3333333,   0.3333333,   0.3333333,    // Medium Medium            
		   0.07473928,  0.2282425,   0.6970182,    // Medium Low               
		   0.4620339,   0.3184623,   0.2195038,    // Low    High              
		   0.132705,    0.2793309,   0.5879641,    // Low    Medium            
		   0.02051371,  0.1318632,   0.8476231);   // Low    Low               ;
	numcases = 10;
	title = "Level solving status";
	whenchanged = 1579300544;
	user U1 {
		Truename = "TrophyLevel";
		link = "\"partialCredit\"";
		rules = "\"Compensatory\"";
		Q = "structure(c(TRUE, TRUE, TRUE, TRUE), .Dim = c(2L, 2L), .Dimnames = list(     c(\"75\", \"76\"),\
			\| c(\"NFL\", \"StaticEquilibrium\")))";
		lnAlphas = "list(c(NFL = -0.446287102628419, StaticEquilibrium = -0.0408219945202552 ), c(NFL = \
			-0.446287102628419, StaticEquilibrium = -0.0408219945202552 ))";
		betas = "list(0L, 0L)";
		priorWeight = "10";
		};
	};
NodeSet pnodes {Nodes = (TrophyLevel, PufferClicks, SliderAdjust, AppropriateSlider, Duration);};
NodeSet Observable {Nodes = (TrophyLevel, PufferClicks, SliderAdjust, AppropriateSlider, Duration);};
};
