// ~->[DNET-1]->~

// File created by AlmondR_2 at FLStateU using Netica 5.10 on May 09, 2019 at 07:25:02.

bnet CosmicCave {
autoupdate = TRUE;
title = "Cosmic Cave";

visual V1 {
	defdispform = BELIEFBARS;
	nodelabeling = TITLE;
	NodeMaxNumEntries = 50;
	nodefont = font {shape= "Arial"; size= 9;};
	linkfont = font {shape= "Arial"; size= 9;};
	windowposn = (451, 0, 902, 545);
	scrollposn = (0, 286);
	resolution = 72;
	drawingbounds = (1515, 782);
	showpagebreaks = FALSE;
	usegrid = TRUE;
	gridspace = (6, 6);
	NodeSet Node {BuiltIn = 1; Color = 0x00E1E1E1;};
	NodeSet Nature {BuiltIn = 1; Color = 0x00F8EED2;};
	NodeSet Deterministic {BuiltIn = 1; Color = 0x00D3CAA6;};
	NodeSet Finding {BuiltIn = 1; Color = 0x00C8C8C8;};
	NodeSet Constant {BuiltIn = 1; Color = 0x00FFFFFF;};
	NodeSet ConstantValue {BuiltIn = 1; Color = 0x00FFFFB4;};
	NodeSet Utility {BuiltIn = 1; Color = 0x00FFBDBD;};
	NodeSet Decision {BuiltIn = 1; Color = 0x00DEE8FF;};
	NodeSet Documentation {BuiltIn = 1; Color = 0x00F0FAFA;};
	NodeSet Title {BuiltIn = 1; Color = 0x00FFFFFF;};
	NodeSet HighLevel {Color = 0x00FF8080;};
	NodeSet Proficiency {Disabled = 1; Color = 0x00C8C8C8;};
	NodeSet LowLevel {Color = 0x00FF8000;};
	NodeSet pnode {Disabled = 1; Color = 0x00C8C8C8;};
	NodeSet pnodes {Disabled = 1; Color = 0x00C8C8C8;};
	NodeSet Proficiencies {Disabled = 1; Color = 0x00C8C8C8;};
	NodeSet Observable {Disabled = 1; Color = 0x00C8C8C8;};
	PrinterSetting A {
		margins = (1270, 1270, 1270, 1270);
		};
	};
user U1 {
	priorWeight = "10";
	};

param X_EnergyTransfer_4 {
	kind = DISCONNECTED;
	discrete = TRUE;
	chance = CHANCE;
	states = (High, Medium, Low);
	levels = (0.967421566101701, 0, -0.967421566101701);
	title = "EnergyTransfer";
	};

param X_NFL_4 {
	kind = DISCONNECTED;
	discrete = TRUE;
	chance = CHANCE;
	states = (High, Medium, Low);
	levels = (0.967421566101701, 0, -0.967421566101701);
	title = "NFL";
	};

node Agent {
	kind = NATURE;
	discrete = TRUE;
	chance = CHANCE;
	states = (Ramp, Springboard, Lever, Pendulum);
	inputs = (NFL, EnergyTransfer);
	parents = (X_NFL_4, X_EnergyTransfer_4);
	probs = 
		// Ramp         Springboard  Lever        Pendulum      // NFL    EnergyTransfer 
		  (0.5515249,   0.2630971,   0.1255067,   0.05987121,   // High   High           
		   0.395812,    0.2763978,   0.1930102,   0.1347801,    // High   Medium         
		   0.2418236,   0.2471946,   0.2526848,   0.258297,     // High   Low            
		   0.3162779,   0.2672155,   0.225764,    0.1907426,    // Medium High           
		   0.1767377,   0.2185832,   0.2703363,   0.3343428,    // Medium Medium         
		   0.08318026,  0.1505922,   0.2726369,   0.4935906,    // Medium Low            
		   0.1236721,   0.1850575,   0.2769118,   0.4143586,    // Low    High           
		   0.05405967,  0.118414,    0.2593776,   0.5681487,    // Low    Medium         
		   0.02107294,  0.06756927,  0.2166573,   0.6947005);   // Low    Low            ;
	title = "Agent Type";
	visual V1 {
		center = (74, 40);
		height = 15;
		link 1 {
			labelposn = (37, 2, 59, 17);
			path = ((37, 0), (37, 0));
			};
		link 2 {
			labelposn = (111, 2, 194, 17);
			path = ((111, 0), (111, 0));
			};
		};
	};

param X_EnergyTransfer_3 {
	kind = DISCONNECTED;
	discrete = TRUE;
	chance = CHANCE;
	states = (High, Medium, Low);
	levels = (0.967421566101701, 0, -0.967421566101701);
	title = "EnergyTransfer";
	};

param X_NFL_3 {
	kind = DISCONNECTED;
	discrete = TRUE;
	chance = CHANCE;
	states = (High, Medium, Low);
	levels = (0.967421566101701, 0, -0.967421566101701);
	title = "NFL";
	};

node NumberAttempts {
	kind = NATURE;
	discrete = FALSE;
	chance = CHANCE;
	states = (one, two, three_four, more_than_four);
	levels = (0.1, 1.1, 2.1, 4.1, INFINITY);
	inputs = (NFL, EnergyTransfer);
	parents = (X_NFL_3, X_EnergyTransfer_3);
	probs = 
		// one          two          three four   more than four  // NFL    EnergyTransfer 
		  (0.5515249,   0.2630971,   0.1255067,   0.05987121,   // High   High           
		   0.395812,    0.2763978,   0.1930102,   0.1347801,    // High   Medium         
		   0.2418236,   0.2471946,   0.2526848,   0.258297,     // High   Low            
		   0.3162779,   0.2672155,   0.225764,    0.1907426,    // Medium High           
		   0.1767377,   0.2185832,   0.2703363,   0.3343428,    // Medium Medium         
		   0.08318026,  0.1505922,   0.2726369,   0.4935906,    // Medium Low            
		   0.1236721,   0.1850575,   0.2769118,   0.4143586,    // Low    High           
		   0.05405967,  0.118414,    0.2593776,   0.5681487,    // Low    Medium         
		   0.02107294,  0.06756927,  0.2166573,   0.6947005);   // Low    Low            ;
	title = "Number of attempts";
	visual V1 {
		center = (83, 50);
		height = 16;
		link 1 {
			labelposn = (40, 2, 62, 17);
			path = ((40, 0), (40, 0));
			};
		link 2 {
			labelposn = (126, 2, 209, 17);
			path = ((126, 0), (126, 0));
			};
		};
	};

param X_EnergyTransfer_2 {
	kind = DISCONNECTED;
	discrete = TRUE;
	chance = CHANCE;
	states = (High, Medium, Low);
	levels = (0.967421566101701, 0, -0.967421566101701);
	title = "EnergyTransfer";
	};

param X_NFL_2 {
	kind = DISCONNECTED;
	discrete = TRUE;
	chance = CHANCE;
	states = (High, Medium, Low);
	levels = (0.967421566101701, 0, -0.967421566101701);
	title = "NFL";
	};

node Duration {
	kind = NATURE;
	discrete = FALSE;
	chance = CHANCE;
	states = (Very_fast, Fast, Slow, Very_slow);
	levels = (0, 30.19, 67.037, 154.893, INFINITY);
	inputs = (NFL, EnergyTransfer);
	parents = (X_NFL_2, X_EnergyTransfer_2);
	probs = 
		// Very fast    Fast         Slow         Very slow     // NFL    EnergyTransfer 
		  (0.5515249,   0.2630971,   0.1255067,   0.05987121,   // High   High           
		   0.395812,    0.2763978,   0.1930102,   0.1347801,    // High   Medium         
		   0.2418236,   0.2471946,   0.2526848,   0.258297,     // High   Low            
		   0.3162779,   0.2672155,   0.225764,    0.1907426,    // Medium High           
		   0.1767377,   0.2185832,   0.2703363,   0.3343428,    // Medium Medium         
		   0.08318026,  0.1505922,   0.2726369,   0.4935906,    // Medium Low            
		   0.1236721,   0.1850575,   0.2769118,   0.4143586,    // Low    High           
		   0.05405967,  0.118414,    0.2593776,   0.5681487,    // Low    Medium         
		   0.02107294,  0.06756927,  0.2166573,   0.6947005);   // Low    Low            ;
	title = "Duration to solve level";
	visual V1 {
		center = (107, 50);
		height = 17;
		link 1 {
			labelposn = (64, 2, 86, 17);
			path = ((64, 0), (64, 0));
			};
		link 2 {
			labelposn = (150, 2, 233, 17);
			path = ((150, 0), (150, 0));
			};
		};
	};

param X_EnergyTransfer_1 {
	kind = DISCONNECTED;
	discrete = TRUE;
	chance = CHANCE;
	states = (High, Medium, Low);
	levels = (0.967421566101701, 0, -0.967421566101701);
	title = "EnergyTransfer";
	};

param X_NFL_1 {
	kind = DISCONNECTED;
	discrete = TRUE;
	chance = CHANCE;
	states = (High, Medium, Low);
	levels = (0.967421566101701, 0, -0.967421566101701);
	title = "NFL";
	};

node TrophyLevel {
	kind = NATURE;
	discrete = TRUE;
	chance = CHANCE;
	states = (Gold, Silver, None);
	inputs = (NFL, EnergyTransfer);
	parents = (X_NFL_1, X_EnergyTransfer_1);
	probs = 
		// Gold         Silver       None          // NFL    EnergyTransfer 
		  (0.5866482,   0.2798522,   0.1334995,    // High   High           
		   0.4574698,   0.3194538,   0.2230764,    // High   Medium         
		   0.3260383,   0.3332797,   0.340682,     // High   Low            
		   0.3908248,   0.3301985,   0.2789767,    // Medium High           
		   0.2655086,   0.328372,    0.4061194,    // Medium Medium         
		   0.164255,    0.2973724,   0.5383726,    // Medium Low            
		   0.2111738,   0.3159911,   0.4728352,    // Low    High           
		   0.1251812,   0.2742008,   0.6006179,    // Low    Medium         
		   0.0690238,   0.2213212,   0.709655);    // Low    Low            ;
	title = "Level solving status";
	visual V1 {
		center = (74, 33);
		height = 18;
		link 1 {
			labelposn = (40, 2, 62, 17);
			path = ((40, 0), (40, 0));
			};
		link 2 {
			labelposn = (107, 2, 190, 17);
			path = ((107, 0), (107, 0));
			};
		};
	};
NodeSet HighLevel {Nodes = ();};
NodeSet Proficiency {Nodes = ();};
NodeSet LowLevel {Nodes = ();};
NodeSet pnode {Nodes = ();};
NodeSet pnodes {Nodes = ();};
NodeSet Proficiencies {Nodes = ();};
NodeSet Observable {Nodes = (Agent, NumberAttempts, Duration, TrophyLevel);};
};
