// ~->[DNET-1]->~

// File created by ShuteV_6 at FloridaStateU using Netica 5.24 on Aug 27, 2018 at 17:50:39 UTC.

bnet PP_OrangeNodes_6 {
AutoCompile = TRUE;
autoupdate = TRUE;
whenchanged = 1535392237;

visual V1 {
	defdispform = BELIEFBARS;
	nodelabeling = TITLE;
	NodeMaxNumEntries = 50;
	nodefont = font {shape= "Arial"; size= 9;};
	linkfont = font {shape= "Arial"; size= 9;};
	windowposn = (451, 0, 902, 545);
	scrollposn = (400, 316);
	resolution = 72;
	drawingbounds = (1515, 782);
	showpagebreaks = FALSE;
	usegrid = TRUE;
	gridspace = (6, 6);
	NodeSet Node {BuiltIn = 1; Color = 0x00e1e1e1;};
	NodeSet Nature {BuiltIn = 1; Color = 0x00f8eed2;};
	NodeSet Deterministic {BuiltIn = 1; Color = 0x00d3caa6;};
	NodeSet Finding {BuiltIn = 1; Color = 0x00c8c8c8;};
	NodeSet Constant {BuiltIn = 1; Color = 0x00ffffff;};
	NodeSet ConstantValue {BuiltIn = 1; Color = 0x00ffffb4;};
	NodeSet Utility {BuiltIn = 1; Color = 0x00ffbdbd;};
	NodeSet Decision {BuiltIn = 1; Color = 0x00dee8ff;};
	NodeSet Documentation {BuiltIn = 1; Color = 0x00f0fafa;};
	NodeSet Title {BuiltIn = 1; Color = 0x00ffffff;};
	NodeSet HighLevel {Color = 0x00ff8080;};
	NodeSet Proficiency {Disabled = 1; Color = 0x00c8c8c8;};
	NodeSet LowLevel {Color = 0x00ff8000;};
	NodeSet pnode {Disabled = 1; Color = 0x00c8c8c8;};
	NodeSet pnodes {Disabled = 1; Color = 0x00c8c8c8;};
	NodeSet Proficiencies {Disabled = 1; Color = 0x00c8c8c8;};
	NodeSet Observable {Disabled = 1; Color = 0x00c8c8c8;};
	PrinterSetting A {
		margins = (1270, 1270, 1270, 1270);
		};
	};
user U1 {
	priorWeight = "10";
	};

node Physics {
	kind = NATURE;
	discrete = TRUE;
	chance = CHANCE;
	states = (High, Medium, Low);
	levels = (0.967421566101701, 0, -0.967421566101701);
	parents = ();
	probs = 
		// High         Medium       Low          
		  (0.3333333,   0.3333333,   0.3333333);
	numcases = 10;
	title = "Physics Understanding";
	whenchanged = 1496353488;
	belief = (0.2501487, 0.3797205, 0.3701308);
	user U1 {
		Q = "TRUE";
		rules = "\"Compensatory\"";
		link = "\"normalLink\"";
		linkScale = "1";
		lnAlphas = "1";
		betas = "0";
		};
	visual V1 {
		center = (81, 216);
		height = 1;
		};
	};

node ForceAndMotion {
	kind = NATURE;
	discrete = TRUE;
	chance = CHANCE;
	states = (High, Medium, Low);
	levels = (0.967421566101701, 0, -0.967421566101701);
	parents = (Physics);
	probs = 
		// High         Medium       Low           // Physics 
		  (0.9816795,   0.01829091,  2.959554e-5,  // High    
		   0.5615493,   0.4197415,   0.0187092,    // Medium  
		   0.03754251,  0.5206256,   0.4418319);   // Low     ;
	numcases = 10;
	EqnDirty = TRUE;
	title = "Force and Motion";
	comment = "Newton's laws of motion";
	whenchanged = 1496353488;
	belief = (0.4204753, 0.4662337, 0.113291);
	user U1 {
		Q = "TRUE";
		rules = "\"Compensatory\"";
		link = "\"normalLink\"";
		linkScale = "0.447213595499958";
		lnAlphas = "structure(-0.111571775657105, .Names = \"Physics\")";
		betas = "-0.5";
		};
	visual V1 {
		center = (258, 114);
		height = 4;
		link 1 {
			path = ((155, 173), (183, 158));
			};
		};
	};

node EnergyDissipate {
	kind = NATURE;
	discrete = TRUE;
	chance = CHANCE;
	states = (High, Medium, Low);
	levels = (0.967421566101701, 0, -0.967421566101701);
	parents = (Physics, ForceAndMotion);
	probs = 
		// High         Medium       Low           // Physics ForceAndMotion 
		  (0.6760918,   0.3053083,   0.01859987,   // High    High           
		   0.4657758,   0.4082291,   0.1259951,    // High    Medium         
		   0.1419815,   0.4603819,   0.3976367,    // High    Low            
		   0.5052354,   0.3902289,   0.1045357,    // Medium  High           
		   0.1701345,   0.4726879,   0.3571777,    // Medium  Medium         
		   0.02995428,  0.2439736,   0.726072,     // Medium  Low            
		   0.2021135,   0.4788859,   0.3190005,    // Low     High           
		   0.03775337,  0.2765165,   0.6857301,    // Low     Medium         
		   0.003517596, 0.09834128,  0.8981411);   // Low     Low            ;
	title = "Energy can Dissipate";
	whenchanged = 1522901369;
	belief = (0.2182323, 0.4176957, 0.3640721);
	user U1 {
		Q = "TRUE";
		rules = "\"Compensatory\"";
		link = "\"normalLink\"";
		linkScale = "0.447213595499958";
		lnAlphas = "structure(-0.111571775657105, .Names = \"Energy\")";
		betas = "0.2";
		};
	visual V1 {
		center = (384, 366);
		height = 3;
		};
	};

node NTL {
	kind = NATURE;
	discrete = TRUE;
	chance = CHANCE;
	states = (High, Medium, Low);
	levels = (0.967421566101701, 0, -0.967421566101701);
	parents = (ForceAndMotion);
	probs = 
		// High         Medium       Low           // ForceAndMotion 
		  (0.6182498,   0.3687819,   0.01296835,   // High           
		   0.05113405,  0.5638431,   0.3850228,    // Medium         
		   1.793107e-4, 0.050061,    0.9497597);   // Low            ;
	numcases = 10;
	title = "Newton's Third Law";
	comment = "Force pairs act in opposite directions\nForce pairs have equal magnitudes";
	whenchanged = 1505925836;
	belief = (0.1556286, 0.6051006, 0.2392707);
	user U1 {
		Q = "TRUE";
		rules = "\"Compensatory\"";
		link = "\"normalLink\"";
		linkScale = "0.447213595499958";
		lnAlphas = "structure(-0.111571775657105, .Names = \"ForceAndMotion\")";
		betas = "0.3";
		};
	visual V1 {
		center = (462, 132);
		height = 2;
		};
	};

node Bounciness {
	kind = NATURE;
	discrete = TRUE;
	chance = CHANCE;
	states = (Yes, No);
	parents = (NTL, EnergyDissipate);
	probs = 
		// Yes          No            // NTL    EnergyDissipate 
		  (0.8027117,   0.1972883,    // High   High            
		   0.7164658,   0.2835342,    // High   Medium          
		   0.6107975,   0.3892024,    // High   Low             
		   0.665707,    0.334293,     // Medium High            
		   0.552926,    0.447074,     // Medium Medium          
		   0.434422,    0.565578,     // Medium Low             
		   0.4935839,   0.5064161,    // Low    High            
		   0.3770713,   0.6229287,    // Low    Medium          
		   0.2732233,   0.7267767);   // Low    Low             ;
	title = "Check Bounciness";
	whenchanged = 1535390226;
	evidence = Yes;
	belief = (1, 0);
	visual V1 {
		center = (822, 102);
		height = 8;
		};
	};

node Slider {
	kind = NATURE;
	discrete = TRUE;
	chance = CHANCE;
	states = (Mass, Gravity, AirResistence);
	parents = (NTL, EnergyDissipate);
	probs = 
		// Mass         Gravity      AirResistence  // NTL    EnergyDissipate 
		  (0.7655891,   0.1881644,   0.04624652,   // High   High            
		   0.6441845,   0.2549296,   0.1008858,    // High   Medium          
		   0.4894206,   0.3118606,   0.1987187,    // High   Low             
		   0.5700184,   0.2862418,   0.1437398,    // Medium High            
		   0.4061194,   0.328372,    0.2655086,    // Medium Medium          
		   0.2501953,   0.3257316,   0.424073,     // Medium Low             
		   0.3248155,   0.3332601,   0.3419243,    // Low    High            
		   0.1858327,   0.3069991,   0.5071682,    // Low    Medium          
		   0.09314752,  0.2477733,   0.6590792);   // Low    Low             ;
	title = "Slider";
	whenchanged = 1535390224;
	evidence = Mass;
	belief = (1, 0, 0);
	visual V1 {
		center = (840, 222);
		height = 7;
		};
	};

node SliderAdjust {
	kind = NATURE;
	discrete = TRUE;
	chance = CHANCE;
	states = (Zero, One, Two, MorethanTwo);
	parents = (NTL, EnergyDissipate);
	probs = 
		// Zero         One          Two          MorethanTwo   // NTL    EnergyDissipate 
		  (0.7569849,   0.1860497,   0.04572678,  0.0112386,    // High   High            
		   0.6194531,   0.2451424,   0.09701266,  0.03839179,   // High   Medium          
		   0.4344133,   0.2768098,   0.1763842,   0.1123927,    // High   Low             
		   0.531644,    0.2669716,   0.1340631,   0.06732142,   // Medium High            
		   0.3343428,   0.2703363,   0.2185832,   0.1767377,    // Medium Medium          
		   0.1611975,   0.2098645,   0.2732245,   0.3557135,    // Medium Low             
		   0.2404592,   0.2467107,   0.2531247,   0.2597055,    // Low    High            
		   0.1011141,   0.1670424,   0.2759571,   0.4558863,    // Low    Medium          
		   0.03383298,  0.08999605,  0.2393904,   0.6367806);   // Low    Low             ;
	title = "Number of Slider Adjustment";
	whenchanged = 1535392233;
	evidence = MorethanTwo;
	belief = (0, 0, 0, 1);
	visual V1 {
		center = (900, 348);
		height = 6;
		link 1 {
			path = ((543, 171), (820, 308));
			};
		};
	};

node TrophyLevel {
	kind = NATURE;
	discrete = TRUE;
	chance = CHANCE;
	states = (Gold, Silver, None);
	parents = (NTL, EnergyDissipate);
	probs = 
		// Gold         Silver       None          // NTL    EnergyDissipate 
		  (0.7655891,   0.1881644,   0.04624652,   // High   High            
		   0.6441845,   0.2549296,   0.1008858,    // High   Medium          
		   0.4894206,   0.3118606,   0.1987187,    // High   Low             
		   0.5700184,   0.2862418,   0.1437398,    // Medium High            
		   0.4061194,   0.328372,    0.2655086,    // Medium Medium          
		   0.2501953,   0.3257316,   0.424073,     // Medium Low             
		   0.3248155,   0.3332601,   0.3419243,    // Low    High            
		   0.1858327,   0.3069991,   0.5071682,    // Low    Medium          
		   0.09314752,  0.2477733,   0.6590792);   // Low    Low             ;
	title = "Level solving status";
	whenchanged = 1535392237;
	evidence = Silver;
	belief = (0, 1, 0);
	visual V1 {
		center = (930, 486);
		height = 5;
		};
	};
NodeSet HighLevel {Nodes = (ForceAndMotion);};
NodeSet Proficiency {Nodes = (ForceAndMotion, Physics, EnergyDissipate, NTL);};
NodeSet LowLevel {Nodes = (EnergyDissipate, NTL);};
NodeSet pnode {Nodes = (Physics);};
NodeSet pnodes {Nodes = (ForceAndMotion, Physics, EnergyDissipate, NTL);};
NodeSet Proficiencies {Nodes = (ForceAndMotion, EnergyDissipate, NTL);};
NodeSet Observable {Nodes = (Bounciness, Slider, SliderAdjust, TrophyLevel);};
ElimOrder = (Bounciness, Physics, Slider, TrophyLevel, SliderAdjust, ForceAndMotion, EnergyDissipate, NTL);
};
