// ~->[DNET-1]->~

// File created by AlmondR_2 at FLStateU using Netica 5.10 on May 06, 2019 at 16:49:47.

bnet Getoverit {
autoupdate = TRUE;
title = "Get over it";
whenchanged = 1557175787;

visual V1 {
	defdispform = BELIEFBARS;
	nodelabeling = TITLE;
	NodeMaxNumEntries = 50;
	nodefont = font {shape= "Arial"; size= 9;};
	linkfont = font {shape= "Arial"; size= 9;};
	windowposn = (451, 0, 902, 545);
	scrollposn = (0, 286);
	resolution = 72;
	drawingbounds = (1515, 782);
	showpagebreaks = FALSE;
	usegrid = TRUE;
	gridspace = (6, 6);
	NodeSet Node {BuiltIn = 1; Color = 0x00E1E1E1;};
	NodeSet Nature {BuiltIn = 1; Color = 0x00F8EED2;};
	NodeSet Deterministic {BuiltIn = 1; Color = 0x00D3CAA6;};
	NodeSet Finding {BuiltIn = 1; Color = 0x00C8C8C8;};
	NodeSet Constant {BuiltIn = 1; Color = 0x00FFFFFF;};
	NodeSet ConstantValue {BuiltIn = 1; Color = 0x00FFFFB4;};
	NodeSet Utility {BuiltIn = 1; Color = 0x00FFBDBD;};
	NodeSet Decision {BuiltIn = 1; Color = 0x00DEE8FF;};
	NodeSet Documentation {BuiltIn = 1; Color = 0x00F0FAFA;};
	NodeSet Title {BuiltIn = 1; Color = 0x00FFFFFF;};
	NodeSet HighLevel {Color = 0x00FF8080;};
	NodeSet Proficiency {Disabled = 1; Color = 0x00C8C8C8;};
	NodeSet LowLevel {Color = 0x00FF8000;};
	NodeSet pnode {Disabled = 1; Color = 0x00C8C8C8;};
	NodeSet pnodes {Disabled = 1; Color = 0x00C8C8C8;};
	NodeSet Proficiencies {Disabled = 1; Color = 0x00C8C8C8;};
	NodeSet Observable {Disabled = 1; Color = 0x00C8C8C8;};
	PrinterSetting A {
		margins = (1270, 1270, 1270, 1270);
		};
	};
user U1 {
	priorWeight = "10";
	};

param X_PropertiesofTorque_4 {
	kind = DISCONNECTED;
	discrete = TRUE;
	chance = CHANCE;
	states = (High, Medium, Low);
	levels = (0.967421566101701, 0, -0.967421566101701);
	title = "PropertiesofTorque";
	whenchanged = 1557175787;
	};

param X_StaticEquilibrium_4 {
	kind = DISCONNECTED;
	discrete = TRUE;
	chance = CHANCE;
	states = (High, Medium, Low);
	levels = (0.967421566101701, 0, -0.967421566101701);
	title = "StaticEquilibrium";
	whenchanged = 1557175787;
	};

node Agent {
	kind = NATURE;
	discrete = TRUE;
	chance = CHANCE;
	states = (Ramp, Springboard, Lever, Pendulum);
	inputs = (StaticEquilibrium, PropertiesofTorque);
	parents = (X_StaticEquilibrium_4, X_PropertiesofTorque_4);
	probs = 
		// Ramp         Springboard  Lever        Pendulum      // StaticEquilibrium PropertiesofTorque 
		  (0.7020244,   0.2133936,   0.06486504,  0.01971696,   // High              High               
		   0.5416438,   0.265101,    0.1297504,   0.06350478,   // High              Medium             
		   0.3449981,   0.2718833,   0.2142636,   0.1688551,    // High              Low                
		   0.4451728,   0.2764778,   0.1717086,   0.1066409,    // Medium            High               
		   0.25,        0.25,        0.25,        0.25,         // Medium            Medium             
		   0.1066409,   0.1717086,   0.2764778,   0.4451728,    // Medium            Low                
		   0.1688551,   0.2142636,   0.2718833,   0.3449981,    // Low               High               
		   0.06350478,  0.1297504,   0.265101,    0.5416438,    // Low               Medium             
		   0.01971696,  0.06486504,  0.2133936,   0.7020244);   // Low               Low                ;
	title = "Agent Type";
	whenchanged = 1557175787;
	visual V1 {
		center = (74, 40);
		height = 15;
		link 1 {
			labelposn = (37, 2, 127, 17);
			path = ((37, 0), (37, 0));
			};
		link 2 {
			labelposn = (111, 2, 214, 17);
			path = ((111, 0), (111, 0));
			};
		};
	};

param X_PropertiesofTorque_3 {
	kind = DISCONNECTED;
	discrete = TRUE;
	chance = CHANCE;
	states = (High, Medium, Low);
	levels = (0.967421566101701, 0, -0.967421566101701);
	title = "PropertiesofTorque";
	whenchanged = 1557175787;
	};

param X_StaticEquilibrium_3 {
	kind = DISCONNECTED;
	discrete = TRUE;
	chance = CHANCE;
	states = (High, Medium, Low);
	levels = (0.967421566101701, 0, -0.967421566101701);
	title = "StaticEquilibrium";
	whenchanged = 1557175787;
	};

node NumberAttempts {
	kind = NATURE;
	discrete = FALSE;
	chance = CHANCE;
	states = (one, two, three_four, more_than_four);
	levels = (0.1, 1.1, 2.1, 4.1, INFINITY);
	inputs = (StaticEquilibrium, PropertiesofTorque);
	parents = (X_StaticEquilibrium_3, X_PropertiesofTorque_3);
	probs = 
		// one          two          three four   more than four  // StaticEquilibrium PropertiesofTorque 
		  (0.7020244,   0.2133936,   0.06486504,  0.01971696,   // High              High               
		   0.5416438,   0.265101,    0.1297504,   0.06350478,   // High              Medium             
		   0.3449981,   0.2718833,   0.2142636,   0.1688551,    // High              Low                
		   0.4451728,   0.2764778,   0.1717086,   0.1066409,    // Medium            High               
		   0.25,        0.25,        0.25,        0.25,         // Medium            Medium             
		   0.1066409,   0.1717086,   0.2764778,   0.4451728,    // Medium            Low                
		   0.1688551,   0.2142636,   0.2718833,   0.3449981,    // Low               High               
		   0.06350478,  0.1297504,   0.265101,    0.5416438,    // Low               Medium             
		   0.01971696,  0.06486504,  0.2133936,   0.7020244);   // Low               Low                ;
	title = "Number of attempts";
	whenchanged = 1557175787;
	visual V1 {
		center = (83, 50);
		height = 16;
		link 1 {
			labelposn = (40, 2, 130, 17);
			path = ((40, 0), (40, 0));
			};
		link 2 {
			labelposn = (126, 2, 229, 17);
			path = ((126, 0), (126, 0));
			};
		};
	};

param X_PropertiesofTorque_2 {
	kind = DISCONNECTED;
	discrete = TRUE;
	chance = CHANCE;
	states = (High, Medium, Low);
	levels = (0.967421566101701, 0, -0.967421566101701);
	title = "PropertiesofTorque";
	whenchanged = 1557175787;
	};

param X_StaticEquilibrium_2 {
	kind = DISCONNECTED;
	discrete = TRUE;
	chance = CHANCE;
	states = (High, Medium, Low);
	levels = (0.967421566101701, 0, -0.967421566101701);
	title = "StaticEquilibrium";
	whenchanged = 1557175787;
	};

node Duration {
	kind = NATURE;
	discrete = FALSE;
	chance = CHANCE;
	states = (Very_fast, Fast, Slow, Very_slow);
	levels = (0, 30.19, 67.037, 154.893, INFINITY);
	inputs = (StaticEquilibrium, PropertiesofTorque);
	parents = (X_StaticEquilibrium_2, X_PropertiesofTorque_2);
	probs = 
		// Very fast    Fast         Slow         Very slow     // StaticEquilibrium PropertiesofTorque 
		  (0.7020244,   0.2133936,   0.06486504,  0.01971696,   // High              High               
		   0.5416438,   0.265101,    0.1297504,   0.06350478,   // High              Medium             
		   0.3449981,   0.2718833,   0.2142636,   0.1688551,    // High              Low                
		   0.4451728,   0.2764778,   0.1717086,   0.1066409,    // Medium            High               
		   0.25,        0.25,        0.25,        0.25,         // Medium            Medium             
		   0.1066409,   0.1717086,   0.2764778,   0.4451728,    // Medium            Low                
		   0.1688551,   0.2142636,   0.2718833,   0.3449981,    // Low               High               
		   0.06350478,  0.1297504,   0.265101,    0.5416438,    // Low               Medium             
		   0.01971696,  0.06486504,  0.2133936,   0.7020244);   // Low               Low                ;
	title = "Duration to solve level";
	whenchanged = 1557175787;
	visual V1 {
		center = (107, 50);
		height = 17;
		link 1 {
			labelposn = (64, 2, 154, 17);
			path = ((64, 0), (64, 0));
			};
		link 2 {
			labelposn = (150, 2, 253, 17);
			path = ((150, 0), (150, 0));
			};
		};
	};

param X_PropertiesofTorque_1 {
	kind = DISCONNECTED;
	discrete = TRUE;
	chance = CHANCE;
	states = (High, Medium, Low);
	levels = (0.967421566101701, 0, -0.967421566101701);
	title = "PropertiesofTorque";
	whenchanged = 1557175787;
	};

param X_StaticEquilibrium_1 {
	kind = DISCONNECTED;
	discrete = TRUE;
	chance = CHANCE;
	states = (High, Medium, Low);
	levels = (0.967421566101701, 0, -0.967421566101701);
	title = "StaticEquilibrium";
	whenchanged = 1557175787;
	};

node TrophyLevel {
	kind = NATURE;
	discrete = TRUE;
	chance = CHANCE;
	states = (Gold, Silver, None);
	inputs = (StaticEquilibrium, PropertiesofTorque);
	parents = (X_StaticEquilibrium_1, X_PropertiesofTorque_1);
	probs = 
		// Gold         Silver       None          // StaticEquilibrium PropertiesofTorque 
		  (0.7161446,   0.2176857,   0.0661697,    // High              High               
		   0.5783733,   0.2830778,   0.138549,     // High              Medium             
		   0.4150877,   0.327119,    0.2577933,    // High              Low                
		   0.4983133,   0.3094811,   0.1922055,    // Medium            High               
		   0.3333333,   0.3333333,   0.3333333,    // Medium            Medium             
		   0.1922055,   0.3094811,   0.4983133,    // Medium            Low                
		   0.2577933,   0.327119,    0.4150877,    // Low               High               
		   0.138549,    0.2830778,   0.5783733,    // Low               Medium             
		   0.0661697,   0.2176857,   0.7161446);   // Low               Low                ;
	title = "Level solving status";
	whenchanged = 1557175787;
	visual V1 {
		center = (74, 33);
		height = 18;
		link 1 {
			labelposn = (40, 2, 130, 17);
			path = ((40, 0), (40, 0));
			};
		link 2 {
			labelposn = (107, 2, 210, 17);
			path = ((107, 0), (107, 0));
			};
		};
	};
NodeSet HighLevel {Nodes = ();};
NodeSet Proficiency {Nodes = ();};
NodeSet LowLevel {Nodes = ();};
NodeSet pnode {Nodes = ();};
NodeSet pnodes {Nodes = ();};
NodeSet Proficiencies {Nodes = ();};
NodeSet Observable {Nodes = (Agent, NumberAttempts, Duration, TrophyLevel);};
};
